2 5 10 150
2 5 15 150
2 5 20 150
2 5 25 150
2 5 30 150
2 5 35 150
2 5 40 150
2 10 10 150
2 10 15 150
2 10 20 150
2 10 25 150
2 10 30 150
2 10 35 150
2 10 40 150
2 15 10 150
2 15 15 150
2 15 20 150
2 15 25 150
2 15 30 150
2 15 35 150
2 15 40 150
2 20 10 150
2 20 15 150
2 20 20 150
2 20 25 150
2 20 30 150
2 20 35 150
2 20 40 150
2 25 10 150
2 25 15 150
2 25 20 150
2 25 25 150
2 25 30 150
2 25 35 150
2 25 40 150
2 30 10 150
2 30 15 150
2 30 20 150
2 30 25 150
2 30 30 150
2 30 35 150
2 30 40 150
2 35 10 150
2 35 15 150
2 35 20 150
2 35 25 150
2 35 30 150
2 35 35 150
2 35 40 150
2 40 10 150
2 40 15 150
2 40 20 150
2 40 25 150
2 40 30 150
2 40 35 150
2 40 40 150
2 45 10 150
2 45 15 150
2 45 20 150
2 45 25 150
2 45 30 150
2 45 35 150
2 45 40 150
2 50 10 150
2 50 15 150
2 50 20 150
2 50 25 150
2 50 30 150
2 50 35 150
2 50 40 150
2 55 10 150
2 55 15 150
2 55 20 150
2 55 25 150
2 55 30 150
2 55 35 150
2 55 40 150
2 60 10 150
2 60 15 150
2 60 20 150
2 60 25 150
2 60 30 150
2 60 35 150
2 60 40 150
2 65 10 150
2 65 15 150
2 65 20 150
2 65 25 150
2 65 30 150
2 65 35 150
2 65 40 150
2 70 10 150
2 70 15 150
2 70 20 150
2 70 25 150
2 70 30 150
2 70 35 150
2 70 40 150
2 75 10 150
2 75 15 150
2 75 20 150
2 75 25 150
2 75 30 150
2 75 35 150
2 75 40 150
2 80 10 150
2 80 15 150
2 80 20 150
2 80 25 150
2 80 30 150
2 80 35 150
2 80 40 150
3 5 10 150
3 5 15 150
3 5 20 150
3 5 25 150
3 5 30 150
3 5 35 150
3 5 40 150
3 10 10 150
3 10 15 150
3 10 20 150
3 10 25 150
3 10 30 150
3 10 35 150
3 10 40 150
3 15 10 150
3 15 15 150
3 15 20 150
3 15 25 150
3 15 30 150
3 15 35 150
3 15 40 150
3 20 10 150
3 20 15 150
3 20 20 150
3 20 25 150
3 20 30 150
3 20 35 150
3 20 40 150
3 25 10 150
3 25 15 150
3 25 20 150
3 25 25 150
3 25 30 150
3 25 35 150
3 25 40 150
3 30 10 150
3 30 15 150
3 30 20 150
3 30 25 150
3 30 30 150
3 30 35 150
3 30 40 150
3 35 10 150
3 35 15 150
3 35 20 150
3 35 25 150
3 35 30 150
3 35 35 150
3 35 40 150
3 40 10 150
3 40 15 150
3 40 20 150
3 40 25 150
3 40 30 150
3 40 35 150
3 40 40 150
3 45 10 150
3 45 15 150
3 45 20 150
3 45 25 150
3 45 30 150
3 45 35 150
3 45 40 150
3 50 10 150
3 50 15 150
3 50 20 150
3 50 25 150
3 50 30 150
3 50 35 150
3 50 40 150
3 55 10 150
3 55 15 150
3 55 20 150
3 55 25 150
3 55 30 150
3 55 35 150
3 55 40 150
3 60 10 150
3 60 15 150
3 60 20 150
3 60 25 150
3 60 30 150
3 60 35 150
3 60 40 150
3 65 10 150
3 65 15 150
3 65 20 150
3 65 25 150
3 65 30 150
3 65 35 150
3 65 40 150
3 70 10 150
3 70 15 150
3 70 20 150
3 70 25 150
3 70 30 150
3 70 35 150
3 70 40 150
3 75 10 150
3 75 15 150
3 75 20 150
3 75 25 150
3 75 30 150
3 75 35 150
3 75 40 150
3 80 10 150
3 80 15 150
3 80 20 150
3 80 25 150
3 80 30 150
3 80 35 150
3 80 40 150
4 5 10 150
4 5 15 150
4 5 20 150
4 5 25 150
4 5 30 150
4 5 35 150
4 5 40 150
4 10 10 150
4 10 15 150
4 10 20 150
4 10 25 150
4 10 30 150
4 10 35 150
4 10 40 150
4 15 10 150
4 15 15 150
4 15 20 150
4 15 25 150
4 15 30 150
4 15 35 150
4 15 40 150
4 20 10 150
4 20 15 150
4 20 20 150
4 20 25 150
4 20 30 150
4 20 35 150
4 20 40 150
4 25 10 150
4 25 15 150
4 25 20 150
4 25 25 150
4 25 30 150
4 25 35 150
4 25 40 150
4 30 10 150
4 30 15 150
4 30 20 150
4 30 25 150
4 30 30 150
4 30 35 150
4 30 40 150
4 35 10 150
4 35 15 150
4 35 20 150
4 35 25 150
4 35 30 150
4 35 35 150
4 35 40 150
4 40 10 150
4 40 15 150
4 40 20 150
4 40 25 150
4 40 30 150
4 40 35 150
4 40 40 150
4 45 10 150
4 45 15 150
4 45 20 150
4 45 25 150
4 45 30 150
4 45 35 150
4 45 40 150
4 50 10 150
4 50 15 150
4 50 20 150
4 50 25 150
4 50 30 150
4 50 35 150
4 50 40 150
4 55 10 150
4 55 15 150
4 55 20 150
4 55 25 150
4 55 30 150
4 55 35 150
4 55 40 150
4 60 10 150
4 60 15 150
4 60 20 150
4 60 25 150
4 60 30 150
4 60 35 150
4 60 40 150
4 65 10 150
4 65 15 150
4 65 20 150
4 65 25 150
4 65 30 150
4 65 35 150
4 65 40 150
4 70 10 150
4 70 15 150
4 70 20 150
4 70 25 150
4 70 30 150
4 70 35 150
4 70 40 150
4 75 10 150
4 75 15 150
4 75 20 150
4 75 25 150
4 75 30 150
4 75 35 150
4 75 40 150
4 80 10 150
4 80 15 150
4 80 20 150
4 80 25 150
4 80 30 150
4 80 35 150
4 80 40 150
5 5 10 150
5 5 15 150
5 5 20 150
5 5 25 150
5 5 30 150
5 5 35 150
5 5 40 150
5 10 10 150
5 10 15 150
5 10 20 150
5 10 25 150
5 10 30 150
5 10 35 150
5 10 40 150
5 15 10 150
5 15 15 150
5 15 20 150
5 15 25 150
5 15 30 150
5 15 35 150
5 15 40 150
5 20 10 150
5 20 15 150
5 20 20 150
5 20 25 150
5 20 30 150
5 20 35 150
5 20 40 150
5 25 10 150
5 25 15 150
5 25 20 150
5 25 25 150
5 25 30 150
5 25 35 150
5 25 40 150
5 30 10 150
5 30 15 150
5 30 20 150
5 30 25 150
5 30 30 150
5 30 35 150
5 30 40 150
5 35 10 150
5 35 15 150
5 35 20 150
5 35 25 150
5 35 30 150
5 35 35 150
5 35 40 150
5 40 10 150
5 40 15 150
5 40 20 150
5 40 25 150
5 40 30 150
5 40 35 150
5 40 40 150
5 45 10 150
5 45 15 150
5 45 20 150
5 45 25 150
5 45 30 150
5 45 35 150
5 45 40 150
5 50 10 150
5 50 15 150
5 50 20 150
5 50 25 150
5 50 30 150
5 50 35 150
5 50 40 150
5 55 10 150
5 55 15 150
5 55 20 150
5 55 25 150
5 55 30 150
5 55 35 150
5 55 40 150
5 60 10 150
5 60 15 150
5 60 20 150
5 60 25 150
5 60 30 150
5 60 35 150
5 60 40 150
5 65 10 150
5 65 15 150
5 65 20 150
5 65 25 150
5 65 30 150
5 65 35 150
5 65 40 150
5 70 10 150
5 70 15 150
5 70 20 150
5 70 25 150
5 70 30 150
5 70 35 150
5 70 40 150
5 75 10 150
5 75 15 150
5 75 20 150
5 75 25 150
5 75 30 150
5 75 35 150
5 75 40 150
5 80 10 150
5 80 15 150
5 80 20 150
5 80 25 150
5 80 30 150
5 80 35 150
5 80 40 150
6 5 10 150
6 5 15 150
6 5 20 150
6 5 25 150
6 5 30 150
6 5 35 150
6 5 40 150
6 10 10 150
6 10 15 150
6 10 20 150
6 10 25 150
6 10 30 150
6 10 35 150
6 10 40 150
6 15 10 150
6 15 15 150
6 15 20 150
6 15 25 150
6 15 30 150
6 15 35 150
6 15 40 150
6 20 10 150
6 20 15 150
6 20 20 150
6 20 25 150
6 20 30 150
6 20 35 150
6 20 40 150
6 25 10 150
6 25 15 150
6 25 20 150
6 25 25 150
6 25 30 150
6 25 35 150
6 25 40 150
6 30 10 150
6 30 15 150
6 30 20 150
6 30 25 150
6 30 30 150
6 30 35 150
6 30 40 150
6 35 10 150
6 35 15 150
6 35 20 150
6 35 25 150
6 35 30 150
6 35 35 150
6 35 40 150
6 40 10 150
6 40 15 150
6 40 20 150
6 40 25 150
6 40 30 150
6 40 35 150
6 40 40 150
6 45 10 150
6 45 15 150
6 45 20 150
6 45 25 150
6 45 30 150
6 45 35 150
6 45 40 150
6 50 10 150
6 50 15 150
6 50 20 150
6 50 25 150
6 50 30 150
6 50 35 150
6 50 40 150
6 55 10 150
6 55 15 150
6 55 20 150
6 55 25 150
6 55 30 150
6 55 35 150
6 55 40 150
6 60 10 150
6 60 15 150
6 60 20 150
6 60 25 150
6 60 30 150
6 60 35 150
6 60 40 150
6 65 10 150
6 65 15 150
6 65 20 150
6 65 25 150
6 65 30 150
6 65 35 150
6 65 40 150
6 70 10 150
6 70 15 150
6 70 20 150
6 70 25 150
6 70 30 150
6 70 35 150
6 70 40 150
6 75 10 150
6 75 15 150
6 75 20 150
6 75 25 150
6 75 30 150
6 75 35 150
6 75 40 150
6 80 10 150
6 80 15 150
6 80 20 150
6 80 25 150
6 80 30 150
6 80 35 150
6 80 40 150
7 5 10 150
7 5 15 150
7 5 20 150
7 5 25 150
7 5 30 150
7 5 35 150
7 5 40 150
7 10 10 150
7 10 15 150
7 10 20 150
7 10 25 150
7 10 30 150
7 10 35 150
7 10 40 150
7 15 10 150
7 15 15 150
7 15 20 150
7 15 25 150
7 15 30 150
7 15 35 150
7 15 40 150
7 20 10 150
7 20 15 150
7 20 20 150
7 20 25 150
7 20 30 150
7 20 35 150
7 20 40 150
7 25 10 150
7 25 15 150
7 25 20 150
7 25 25 150
7 25 30 150
7 25 35 150
7 25 40 150
7 30 10 150
7 30 15 150
7 30 20 150
7 30 25 150
7 30 30 150
7 30 35 150
7 30 40 150
7 35 10 150
7 35 15 150
7 35 20 150
7 35 25 150
7 35 30 150
7 35 35 150
7 35 40 150
7 40 10 150
7 40 15 150
7 40 20 150
7 40 25 150
7 40 30 150
7 40 35 150
7 40 40 150
7 45 10 150
7 45 15 150
7 45 20 150
7 45 25 150
7 45 30 150
7 45 35 150
7 45 40 150
7 50 10 150
7 50 15 150
7 50 20 150
7 50 25 150
7 50 30 150
7 50 35 150
7 50 40 150
7 55 10 150
7 55 15 150
7 55 20 150
7 55 25 150
7 55 30 150
7 55 35 150
7 55 40 150
7 60 10 150
7 60 15 150
7 60 20 150
7 60 25 150
7 60 30 150
7 60 35 150
7 60 40 150
7 65 10 150
7 65 15 150
7 65 20 150
7 65 25 150
7 65 30 150
7 65 35 150
7 65 40 150
7 70 10 150
7 70 15 150
7 70 20 150
7 70 25 150
7 70 30 150
7 70 35 150
7 70 40 150
7 75 10 150
7 75 15 150
7 75 20 150
7 75 25 150
7 75 30 150
7 75 35 150
7 75 40 150
7 80 10 150
7 80 15 150
7 80 20 150
7 80 25 150
7 80 30 150
7 80 35 150
7 80 40 150
8 5 10 150
8 5 15 150
8 5 20 150
8 5 25 150
8 5 30 150
8 5 35 150
8 5 40 150
8 10 10 150
8 10 15 150
8 10 20 150
8 10 25 150
8 10 30 150
8 10 35 150
8 10 40 150
8 15 10 150
8 15 15 150
8 15 20 150
8 15 25 150
8 15 30 150
8 15 35 150
8 15 40 150
8 20 10 150
8 20 15 150
8 20 20 150
8 20 25 150
8 20 30 150
8 20 35 150
8 20 40 150
8 25 10 150
8 25 15 150
8 25 20 150
8 25 25 150
8 25 30 150
8 25 35 150
8 25 40 150
8 30 10 150
8 30 15 150
8 30 20 150
8 30 25 150
8 30 30 150
8 30 35 150
8 30 40 150
8 35 10 150
8 35 15 150
8 35 20 150
8 35 25 150
8 35 30 150
8 35 35 150
8 35 40 150
8 40 10 150
8 40 15 150
8 40 20 150
8 40 25 150
8 40 30 150
8 40 35 150
8 40 40 150
8 45 10 150
8 45 15 150
8 45 20 150
8 45 25 150
8 45 30 150
8 45 35 150
8 45 40 150
8 50 10 150
8 50 15 150
8 50 20 150
8 50 25 150
8 50 30 150
8 50 35 150
8 50 40 150
8 55 10 150
8 55 15 150
8 55 20 150
8 55 25 150
8 55 30 150
8 55 35 150
8 55 40 150
8 60 10 150
8 60 15 150
8 60 20 150
8 60 25 150
8 60 30 150
8 60 35 150
8 60 40 150
8 65 10 150
8 65 15 150
8 65 20 150
8 65 25 150
8 65 30 150
8 65 35 150
8 65 40 150
8 70 10 150
8 70 15 150
8 70 20 150
8 70 25 150
8 70 30 150
8 70 35 150
8 70 40 150
8 75 10 150
8 75 15 150
8 75 20 150
8 75 25 150
8 75 30 150
8 75 35 150
8 75 40 150
8 80 10 150
8 80 15 150
8 80 20 150
8 80 25 150
8 80 30 150
8 80 35 150
8 80 40 150
9 5 10 150
9 5 15 150
9 5 20 150
9 5 25 150
9 5 30 150
9 5 35 150
9 5 40 150
9 10 10 150
9 10 15 150
9 10 20 150
9 10 25 150
9 10 30 150
9 10 35 150
9 10 40 150
9 15 10 150
9 15 15 150
9 15 20 150
9 15 25 150
9 15 30 150
9 15 35 150
9 15 40 150
9 20 10 150
9 20 15 150
9 20 20 150
9 20 25 150
9 20 30 150
9 20 35 150
9 20 40 150
9 25 10 150
9 25 15 150
9 25 20 150
9 25 25 150
9 25 30 150
9 25 35 150
9 25 40 150
9 30 10 150
9 30 15 150
9 30 20 150
9 30 25 150
9 30 30 150
9 30 35 150
9 30 40 150
9 35 10 150
9 35 15 150
9 35 20 150
9 35 25 150
9 35 30 150
9 35 35 150
9 35 40 150
9 40 10 150
9 40 15 150
9 40 20 150
9 40 25 150
9 40 30 150
9 40 35 150
9 40 40 150
9 45 10 150
9 45 15 150
9 45 20 150
9 45 25 150
9 45 30 150
9 45 35 150
9 45 40 150
9 50 10 150
9 50 15 150
9 50 20 150
9 50 25 150
9 50 30 150
9 50 35 150
9 50 40 150
9 55 10 150
9 55 15 150
9 55 20 150
9 55 25 150
9 55 30 150
9 55 35 150
9 55 40 150
9 60 10 150
9 60 15 150
9 60 20 150
9 60 25 150
9 60 30 150
9 60 35 150
9 60 40 150
9 65 10 150
9 65 15 150
9 65 20 150
9 65 25 150
9 65 30 150
9 65 35 150
9 65 40 150
9 70 10 150
9 70 15 150
9 70 20 150
9 70 25 150
9 70 30 150
9 70 35 150
9 70 40 150
9 75 10 150
9 75 15 150
9 75 20 150
9 75 25 150
9 75 30 150
9 75 35 150
9 75 40 150
9 80 10 150
9 80 15 150
9 80 20 150
9 80 25 150
9 80 30 150
9 80 35 150
9 80 40 150
10 5 10 150
10 5 15 150
10 5 20 150
10 5 25 150
10 5 30 150
10 5 35 150
10 5 40 150
10 10 10 150
10 10 15 150
10 10 20 150
10 10 25 150
10 10 30 150
10 10 35 150
10 10 40 150
10 15 10 150
10 15 15 150
10 15 20 150
10 15 25 150
10 15 30 150
10 15 35 150
10 15 40 150
10 20 10 150
10 20 15 150
10 20 20 150
10 20 25 150
10 20 30 150
10 20 35 150
10 20 40 150
10 25 10 150
10 25 15 150
10 25 20 150
10 25 25 150
10 25 30 150
10 25 35 150
10 25 40 150
10 30 10 150
10 30 15 150
10 30 20 150
10 30 25 150
10 30 30 150
10 30 35 150
10 30 40 150
10 35 10 150
10 35 15 150
10 35 20 150
10 35 25 150
10 35 30 150
10 35 35 150
10 35 40 150
10 40 10 150
10 40 15 150
10 40 20 150
10 40 25 150
10 40 30 150
10 40 35 150
10 40 40 150
10 45 10 150
10 45 15 150
10 45 20 150
10 45 25 150
10 45 30 150
10 45 35 150
10 45 40 150
10 50 10 150
10 50 15 150
10 50 20 150
10 50 25 150
10 50 30 150
10 50 35 150
10 50 40 150
10 55 10 150
10 55 15 150
10 55 20 150
10 55 25 150
10 55 30 150
10 55 35 150
10 55 40 150
10 60 10 150
10 60 15 150
10 60 20 150
10 60 25 150
10 60 30 150
10 60 35 150
10 60 40 150
10 65 10 150
10 65 15 150
10 65 20 150
10 65 25 150
10 65 30 150
10 65 35 150
10 65 40 150
10 70 10 150
10 70 15 150
10 70 20 150
10 70 25 150
10 70 30 150
10 70 35 150
10 70 40 150
10 75 10 150
10 75 15 150
10 75 20 150
10 75 25 150
10 75 30 150
10 75 35 150
10 75 40 150
10 80 10 150
10 80 15 150
10 80 20 150
10 80 25 150
10 80 30 150
10 80 35 150
10 80 40 150
11 5 10 150
11 5 15 150
11 5 20 150
11 5 25 150
11 5 30 150
11 5 35 150
11 5 40 150
11 10 10 150
11 10 15 150
11 10 20 150
11 10 25 150
11 10 30 150
11 10 35 150
11 10 40 150
11 15 10 150
11 15 15 150
11 15 20 150
11 15 25 150
11 15 30 150
11 15 35 150
11 15 40 150
11 20 10 150
11 20 15 150
11 20 20 150
11 20 25 150
11 20 30 150
11 20 35 150
11 20 40 150
11 25 10 150
11 25 15 150
11 25 20 150
11 25 25 150
11 25 30 150
11 25 35 150
11 25 40 150
11 30 10 150
11 30 15 150
11 30 20 150
11 30 25 150
11 30 30 150
11 30 35 150
11 30 40 150
11 35 10 150
11 35 15 150
11 35 20 150
11 35 25 150
11 35 30 150
11 35 35 150
11 35 40 150
11 40 10 150
11 40 15 150
11 40 20 150
11 40 25 150
11 40 30 150
11 40 35 150
11 40 40 150
11 45 10 150
11 45 15 150
11 45 20 150
11 45 25 150
11 45 30 150
11 45 35 150
11 45 40 150
11 50 10 150
11 50 15 150
11 50 20 150
11 50 25 150
11 50 30 150
11 50 35 150
11 50 40 150
11 55 10 150
11 55 15 150
11 55 20 150
11 55 25 150
11 55 30 150
11 55 35 150
11 55 40 150
11 60 10 150
11 60 15 150
11 60 20 150
11 60 25 150
11 60 30 150
11 60 35 150
11 60 40 150
11 65 10 150
11 65 15 150
11 65 20 150
11 65 25 150
11 65 30 150
11 65 35 150
11 65 40 150
11 70 10 150
11 70 15 150
11 70 20 150
11 70 25 150
11 70 30 150
11 70 35 150
11 70 40 150
11 75 10 150
11 75 15 150
11 75 20 150
11 75 25 150
11 75 30 150
11 75 35 150
11 75 40 150
11 80 10 150
11 80 15 150
11 80 20 150
11 80 25 150
11 80 30 150
11 80 35 150
11 80 40 150
12 5 10 150
12 5 15 150
12 5 20 150
12 5 25 150
12 5 30 150
12 5 35 150
12 5 40 150
12 10 10 150
12 10 15 150
12 10 20 150
12 10 25 150
12 10 30 150
12 10 35 150
12 10 40 150
12 15 10 150
12 15 15 150
12 15 20 150
12 15 25 150
12 15 30 150
12 15 35 150
12 15 40 150
12 20 10 150
12 20 15 150
12 20 20 150
12 20 25 150
12 20 30 150
12 20 35 150
12 20 40 150
12 25 10 150
12 25 15 150
12 25 20 150
12 25 25 150
12 25 30 150
12 25 35 150
12 25 40 150
12 30 10 150
12 30 15 150
12 30 20 150
12 30 25 150
12 30 30 150
12 30 35 150
12 30 40 150
12 35 10 150
12 35 15 150
12 35 20 150
12 35 25 150
12 35 30 150
12 35 35 150
12 35 40 150
12 40 10 150
12 40 15 150
12 40 20 150
12 40 25 150
12 40 30 150
12 40 35 150
12 40 40 150
12 45 10 150
12 45 15 150
12 45 20 150
12 45 25 150
12 45 30 150
12 45 35 150
12 45 40 150
12 50 10 150
12 50 15 150
12 50 20 150
12 50 25 150
12 50 30 150
12 50 35 150
12 50 40 150
12 55 10 150
12 55 15 150
12 55 20 150
12 55 25 150
12 55 30 150
12 55 35 150
12 55 40 150
12 60 10 150
12 60 15 150
12 60 20 150
12 60 25 150
12 60 30 150
12 60 35 150
12 60 40 150
12 65 10 150
12 65 15 150
12 65 20 150
12 65 25 150
12 65 30 150
12 65 35 150
12 65 40 150
12 70 10 150
12 70 15 150
12 70 20 150
12 70 25 150
12 70 30 150
12 70 35 150
12 70 40 150
12 75 10 150
12 75 15 150
12 75 20 150
12 75 25 150
12 75 30 150
12 75 35 150
12 75 40 150
12 80 10 150
12 80 15 150
12 80 20 150
12 80 25 150
12 80 30 150
12 80 35 150
12 80 40 150
13 5 10 150
13 5 15 150
13 5 20 150
13 5 25 150
13 5 30 150
13 5 35 150
13 5 40 150
13 10 10 150
13 10 15 150
13 10 20 150
13 10 25 150
13 10 30 150
13 10 35 150
13 10 40 150
13 15 10 150
13 15 15 150
13 15 20 150
13 15 25 150
13 15 30 150
13 15 35 150
13 15 40 150
13 20 10 150
13 20 15 150
13 20 20 150
13 20 25 150
13 20 30 150
13 20 35 150
13 20 40 150
13 25 10 150
13 25 15 150
13 25 20 150
13 25 25 150
13 25 30 150
13 25 35 150
13 25 40 150
13 30 10 150
13 30 15 150
13 30 20 150
13 30 25 150
13 30 30 150
13 30 35 150
13 30 40 150
13 35 10 150
13 35 15 150
13 35 20 150
13 35 25 150
13 35 30 150
13 35 35 150
13 35 40 150
13 40 10 150
13 40 15 150
13 40 20 150
13 40 25 150
13 40 30 150
13 40 35 150
13 40 40 150
13 45 10 150
13 45 15 150
13 45 20 150
13 45 25 150
13 45 30 150
13 45 35 150
13 45 40 150
13 50 10 150
13 50 15 150
13 50 20 150
13 50 25 150
13 50 30 150
13 50 35 150
13 50 40 150
13 55 10 150
13 55 15 150
13 55 20 150
13 55 25 150
13 55 30 150
13 55 35 150
13 55 40 150
13 60 10 150
13 60 15 150
13 60 20 150
13 60 25 150
13 60 30 150
13 60 35 150
13 60 40 150
13 65 10 150
13 65 15 150
13 65 20 150
13 65 25 150
13 65 30 150
13 65 35 150
13 65 40 150
13 70 10 150
13 70 15 150
13 70 20 150
13 70 25 150
13 70 30 150
13 70 35 150
13 70 40 150
13 75 10 150
13 75 15 150
13 75 20 150
13 75 25 150
13 75 30 150
13 75 35 150
13 75 40 150
13 80 10 150
13 80 15 150
13 80 20 150
13 80 25 150
13 80 30 150
13 80 35 150
13 80 40 150
14 5 10 150
14 5 15 150
14 5 20 150
14 5 25 150
14 5 30 150
14 5 35 150
14 5 40 150
14 10 10 150
14 10 15 150
14 10 20 150
14 10 25 150
14 10 30 150
14 10 35 150
14 10 40 150
14 15 10 150
14 15 15 150
14 15 20 150
14 15 25 150
14 15 30 150
14 15 35 150
14 15 40 150
14 20 10 150
14 20 15 150
14 20 20 150
14 20 25 150
14 20 30 150
14 20 35 150
14 20 40 150
14 25 10 150
14 25 15 150
14 25 20 150
14 25 25 150
14 25 30 150
14 25 35 150
14 25 40 150
14 30 10 150
14 30 15 150
14 30 20 150
14 30 25 150
14 30 30 150
14 30 35 150
14 30 40 150
14 35 10 150
14 35 15 150
14 35 20 150
14 35 25 150
14 35 30 150
14 35 35 150
14 35 40 150
14 40 10 150
14 40 15 150
14 40 20 150
14 40 25 150
14 40 30 150
14 40 35 150
14 40 40 150
14 45 10 150
14 45 15 150
14 45 20 150
14 45 25 150
14 45 30 150
14 45 35 150
14 45 40 150
14 50 10 150
14 50 15 150
14 50 20 150
14 50 25 150
14 50 30 150
14 50 35 150
14 50 40 150
14 55 10 150
14 55 15 150
14 55 20 150
14 55 25 150
14 55 30 150
14 55 35 150
14 55 40 150
14 60 10 150
14 60 15 150
14 60 20 150
14 60 25 150
14 60 30 150
14 60 35 150
14 60 40 150
14 65 10 150
14 65 15 150
14 65 20 150
14 65 25 150
14 65 30 150
14 65 35 150
14 65 40 150
14 70 10 150
14 70 15 150
14 70 20 150
14 70 25 150
14 70 30 150
14 70 35 150
14 70 40 150
14 75 10 150
14 75 15 150
14 75 20 150
14 75 25 150
14 75 30 150
14 75 35 150
14 75 40 150
14 80 10 150
14 80 15 150
14 80 20 150
14 80 25 150
14 80 30 150
14 80 35 150
14 80 40 150
15 5 10 150
15 5 15 150
15 5 20 150
15 5 25 150
15 5 30 150
15 5 35 150
15 5 40 150
15 10 10 150
15 10 15 150
15 10 20 150
15 10 25 150
15 10 30 150
15 10 35 150
15 10 40 150
15 15 10 150
15 15 15 150
15 15 20 150
15 15 25 150
15 15 30 150
15 15 35 150
15 15 40 150
15 20 10 150
15 20 15 150
15 20 20 150
15 20 25 150
15 20 30 150
15 20 35 150
15 20 40 150
15 25 10 150
15 25 15 150
15 25 20 150
15 25 25 150
15 25 30 150
15 25 35 150
15 25 40 150
15 30 10 150
15 30 15 150
15 30 20 150
15 30 25 150
15 30 30 150
15 30 35 150
15 30 40 150
15 35 10 150
15 35 15 150
15 35 20 150
15 35 25 150
15 35 30 150
15 35 35 150
15 35 40 150
15 40 10 150
15 40 15 150
15 40 20 150
15 40 25 150
15 40 30 150
15 40 35 150
15 40 40 150
15 45 10 150
15 45 15 150
15 45 20 150
15 45 25 150
15 45 30 150
15 45 35 150
15 45 40 150
15 50 10 150
15 50 15 150
15 50 20 150
15 50 25 150
15 50 30 150
15 50 35 150
15 50 40 150
15 55 10 150
15 55 15 150
15 55 20 150
15 55 25 150
15 55 30 150
15 55 35 150
15 55 40 150
15 60 10 150
15 60 15 150
15 60 20 150
15 60 25 150
15 60 30 150
15 60 35 150
15 60 40 150
15 65 10 150
15 65 15 150
15 65 20 150
15 65 25 150
15 65 30 150
15 65 35 150
15 65 40 150
15 70 10 150
15 70 15 150
15 70 20 150
15 70 25 150
15 70 30 150
15 70 35 150
15 70 40 150
15 75 10 150
15 75 15 150
15 75 20 150
15 75 25 150
15 75 30 150
15 75 35 150
15 75 40 150
15 80 10 150
15 80 15 150
15 80 20 150
15 80 25 150
15 80 30 150
15 80 35 150
15 80 40 150
